publisher_rate: 30.0 # [Hz]

calibration:
  width: 572
  height: 480
  D: [-0.3930231857017862, 0.14875181751061486, 0.00015783903189884091, -0.00021343080976794798, 0.0]
  K: [609.0683831432777, 0.0, 376.1229782453194, 0.0, 608.4166764386383, 250.6808551050949, 0.0, 0.0, 1.0]
  R: [1.0, 0.0, 0.0, 0.0, 1.0, 0.0, 0.0, 0.0, 1.0]
  P: [503.9897766113281, 0.0, 375.86786431123437, 0.0, 0.0, 568.3873901367188, 252.32653482053865, 0.0, 0.0, 0.0, 1.0, 0.0]
